Estado inicial: 
1 2 3 8 4  
5 6 7 13 9  
10 11 12 18 14  
15 16 17 0 19  
arriba; estado: 
1 2 3 8 4  
5 6 7 13 9  
10 11 12 0 14  
15 16 17 18 19  
arriba; estado: 
1 2 3 8 4  
5 6 7 0 9  
10 11 12 13 14  
15 16 17 18 19  
arriba; estado: 
1 2 3 0 4  
5 6 7 8 9  
10 11 12 13 14  
15 16 17 18 19  
izquierda; estado: 
1 2 0 3 4  
5 6 7 8 9  
10 11 12 13 14  
15 16 17 18 19  
izquierda; estado: 
1 0 2 3 4  
5 6 7 8 9  
10 11 12 13 14  
15 16 17 18 19  
izquierda; estado: 
0 1 2 3 4  
5 6 7 8 9  
10 11 12 13 14  
15 16 17 18 19  
